omega_1
eigenvalue = +3247.0981178469  +282.7979595273j
frequency  = +516.7917161597  +45.0086931551j

omega_2
eigenvalue = +3247.1568176622  +282.7488557743j
frequency  = +516.8010585255  +45.0008780501j

omega_adj_1
eigenvalue = +3247.0981178468  -282.7979595273j
frequency  = +516.7917161597  -45.0086931551j

omega_adj_2
eigenvalue = +3247.1568176622  -282.7488557743j
frequency  = +516.8010585255  -45.0008780501j

