omega_1
eigenvalue = +3190.5949871813  +525.9529151630j
frequency  = +507.7989636141  +83.7080062818j

omega_2
eigenvalue = +3190.5081110011  +526.0062965815j
frequency  = +507.7851368406  +83.7165021984j

omega_adj_1
eigenvalue = +3190.5949871813  -525.9529151629j
frequency  = +507.7989636141  -83.7080062818j

omega_adj_2
eigenvalue = +3190.5081110011  -526.0062965815j
frequency  = +507.7851368406  -83.7165021984j

