omega_1
eigenvalue = +3193.7314627244  +530.0001434532j
frequency  = +508.2981492007  +84.3521426700j

omega_2
eigenvalue = +3193.3621286251  +534.3713437051j
frequency  = +508.2393678531  +85.0478407973j

omega_adj_1
eigenvalue = +3193.7314627244  -530.0001434532j
frequency  = +508.2981492007  -84.3521426700j

omega_adj_2
eigenvalue = +3193.3621286251  -534.3713437051j
frequency  = +508.2393678531  -85.0478407973j

