omega_1
eigenvalue = +3190.6115623023  +526.0893860459j
frequency  = +507.8016016266  +83.7297262974j

omega_2
eigenvalue = +3190.5297232778  +526.4834572989j
frequency  = +507.7885765413  +83.7924446852j

omega_adj_1
eigenvalue = +3190.6115623023  -526.0893860459j
frequency  = +507.8016016266  -83.7297262974j

omega_adj_2
eigenvalue = +3190.5297232778  -526.4834572988j
frequency  = +507.7885765413  -83.7924446852j

